   0.0    2.0  1.35  0.30000  0.10523  0.80  0.08  0.10  0.20  0.01  0.06  0.00030 5.5
   2.0    5.0  1.35  0.30000  0.10523  0.80  0.12  0.10  0.20  0.01  0.05  0.00030 5.5
   5.0   10.0  1.35  0.30000  0.10523  0.20  0.42  0.10  0.20  0.01  0.04  0.00030 5.5
  10.0   30.0  1.35  0.33000  0.13523  0.00  0.28  0.10  0.20  0.01  0.03  0.00020 5.5
  30.0   45.0  1.40  0.27000  0.08523  0.00  0.17  0.10  0.20  0.01  0.02  0.00040 5.5
  45.0   60.0  1.45  0.25000  0.07523  0.00  0.17  0.10  0.20  0.01  0.02  0.00050 5.5
  60.0   75.0  1.45  0.25000  0.07523  0.00  0.17  0.10  0.20  0.01  0.02  0.00050 5.5
  75.0   90.0  1.45  0.25000  0.07523  0.00  0.17  0.10  0.20  0.01  0.02  0.00050 5.5





